011000110111100101100011011011000110010101110011001000000111
010001101000011000010111010000100000011010010111001100100000
011000010110111000100000011000010110001101111001011000110110
110001101001011000110010000001101000011110010110010001110010
011011110110001101100001011100100110001001101111011011100010
000001101001011011100010000001110111011010000110100101100011
011010000010000001110100011010000110010100100000011011010110
111101101100011001010110001101110101011011000110010100100000
011010000110000101110011001000000111010001101000011001010010
000001101101011000010111100001101001011011010111010101101101
001000000111000001101111011100110111001101101001011000100110
110001100101001000000110111001110101011011010110001001100101
011100100010000001101111011001100010000001101000011110010110
010001110010011011110110011101100101011011100010000001100001
011101000110111101101101011100110010000001100001011011100110
010000100000011100110110111100100000011010000110000101110011
001000000110111001101111001000000110010001101111011101010110
001001101100011001010010000001100010011011110110111001100100
011100110010000001100001011011000110101101100001011011100110
010101110011001000000110000101110010011001010010000001100001
011011000110100101110000011010000110000101110100011010010110
001100100000011000110110111101101101011100000110111101110101
011011100110010001110011001000000111010001101000011001010010
000001100111011001010110111001100101011100100110000101101100
001000000110011001101111011100100110110101110101011011000110
000100100000011001100110111101110010001000000110000101101100
011010110110000101101110011001010111001100100000011010010111
001100100000011000110110111001101000001000000111010001110111
011011110010000001101110001000000111010001110111011011110010
000001110100011010000110010100100000011100110110100101101101
011100000110110001100101011100110111010000100000011100000110
111101110011011100110110100101100010011011000110010100100000
011000010110110001101011011000010110111001100101001000000110
100101110011001000000111010001101000011001010111001001100101
011001100110111101110010011001010010000001101101011001010111
010001101000011000010110111001100101001000000110001101101000
001000000110011001101111011101010111001000100000011101000110
100001100101001000000110111001100101011110000111010000100000
011100110110100101101101011100000110110001100101011100110111
010000100000011010010111001100100000011001010111010001101000
011000010110111001100101001000000110001100100000011101000111
011101101111001000000110100000100000011100110110100101111000
001000000111010001101000011001010010000001110011011001010111
001001101001011001010111001100100000011000110110111101101110
011101000110100101101110011101010110010101110011001000000110
100101101110011001000110010101100110011010010110111001101001
011101000110010101101100011110010010000001100101011000010110
001101101000001000000110001101100001011100100110001001101111
011011100010000001100001011101000110111101101101001000000110
100101101110001000000110000101101110001000000110000101101100
011010110110000101101110011001010010000001101000011000010111
001100100000011100110111000000100000011010000111100101100010
011100100110100101100100011010010111101001100001011101000110
100101101111011011100010000001100001011011000110101101100001
011011100110010101110011001000000110000101110010011001010010
000001100001011011000111001101101111001000000110101101101110
011011110111011101101110001000000110000101110011001000000111
000001100001011100100110000101100110011001100110100101101110
011100110010000001101111011100100010000001100011011011110110
110001101100011001010110001101110100011010010111011001100101
011011000111100100100000011000010111001100100000011101000110
100001100101001000000111000001100001011100100110000101100110
011001100110100101101110001000000111001101100101011100100110
100101100101011100110010000001110100011010000110010101110011
011001010010000001110100011001010111001001101101011100110010
000001100001011011000111001101101111001000000111010101110011
011001010110010000100000011001100110111101110010001000000110
000101101100011010110110000101101110011001010111001100100000
011101110110100001101111011100110110010100100000011000110110
000101110010011000100110111101101110001000000110000101110100
011011110110110101110011001000000110011001101111011100100110
110100100000011000010010000001110011011010010110111001100111
011011000110010100100000011101010110111001100010011100100110
000101101110011000110110100001100101011001000010000001100011
011010000110000101101001011011100010000001110011011101010110
001101101000001000000110001001110010011000010110111001100011
011010000110010101100100001000000110001101101000011000010110
100101101110001000000110000101101100011010110110000101101110
011001010111001100100000011000010111001001100101001000000110
001101100001011011000110110001100101011001000010000001101001
011100110110111101110000011000010111001001100001011001100110
011001101001011011100111001100100000011010010111001101101111
011011010110010101110010011010010111001101101101001000000111
010001101000011001010010000001100001011101000110111101101101
011100110010000001101001011011100010000001100001011011000110
101101100001011011100110010101110011001000000111011101101001
011101000110100000100000011011010110111101110010011001010010
000001110100011010000110000101101110001000000111010001101000
011100100110010101100101001000000110001101100001011100100110
001001101111011011100010000001100001011101000110111101101101
011100110010000001100011011000010110111000100000011000100110
010100100000011000010111001001110010011000010110111001100111
011001010110010000100000011010010110111000100000011011010111
010101101100011101000110100101110000011011000110010100100000
011101110110000101111001011100110010000001100110011011110111
001001101101011010010110111001100111001000000110010001101001
011001100110011001100101011100100110010101101110011101000010
000001101001011100110110111101101101011001010111001001110011
001000000110111001101111011100100110110101100001011011000010
000001100001011011000110101101100001011011100110010101110011
001000000110100001100001011101100110010100100000011000010010
000001101100011010010110111001100101011000010111001000100000
011101010110111001100010011100100110000101101110011000110110
100001100101011001000010000001100011011011110110111001100110
011010010110011101110101011100100110000101110100011010010110
111101101110001000000111010001101000011001010010000001101110
011101010110110101100010011001010111001000100000011011110110
011000100000011010010111001101101111011011010110010101110010
011100110010000001101001011011100110001101110010011001010110
000101110011011001010111001100100000011100100110000101110000
011010010110010001101100011110010010000001110111011010010111
010001101000001000000111010001101000011001010010000001101110
011101010110110101100010011001010111001000100000011011110110
011000100000011000110110000101110010011000100110111101101110
001000000110000101110100011011110110110101110011001000000110
011001101111011100100010000001100001011011000110101101100001
011011100110010101110011001000000111011101101001011101000110
100000100000011011110110111001100101001000000111010001101111
001000000110111101101110011001010010000001110100011101110110
111100100000011000110110000101110010011000100110111101101110
001000000110000101110100011011110110110101110011001000000111
010001101000011001010010000001101110011101010110110101100010
011001010111001000100000011011110110011000100000011010010111
001101101111011011010110010101110010011100110010000001100101
011100010111010101100001011011000111001100100000011011110110
111001100101001000000110111101101110011001010010000001101111
011011100110010100100000011101000111011101101111001000000111
010001101000011100100110010101100101001000000110011001101001
011101100110010100100000011011100110100101101110011001010010
000001101111011011100110010100100000011001010110100101100111
011010000111010000100000011101000110100001110010011001010110
010100100000011001100110100101110110011001010010000001110011
011001010111011001100101011011100010000001100110011010010111
011001100101001000000110111101101110011001010010000001100110
011010010111011001100101001000000110111001101001011011100110
010100100000011000010110111001100100001000000111010001101000
011100100110010101100101001000000110011001101001011101100110
010100100000011001100110100101110110011001010010000001110010
011001010111001101110000011001010110001101110100011010010111
011001100101011011000111100100100000011011100110111101101101
011001010110111001100011011011000110000101110100011101010111
001001100101001000000110111101100110001000000110000101101100
011010110110000101101110011001010111001100100000011101000110
100001100101001000000110111001100001011011010110010101110011
001000000110111101100110001000000110000101101100011011000010
000001100001011011000110101101100001011011100110010101110011
001000000110010101101110011001000010000001110111011010010111
010001101000001000000110000101101110011001010010000001100001
011011000110101101100001011011100110010101110011001000000111
011101101001011101000110100000100000011101010110111001100010
011100100110000101101110011000110110100001100101011001000010
000001100011011000010111001001100010011011110110111000100000
011000110110100001100001011010010110111001110011001000000111
010001101000011001010010000001100110011010010111001001110011
011101000010000001100110011011110111010101110010001000000110
110101100101011011010110001001100101011100100111001100100000
011011110110011000100000011101000110100001100101001000000111
001101100101011100100110100101100101011100110010000001101001
011011100010000001110100011001010111001001101101011100110010
000001101111011001100010000001101110011101010110110101100010
011001010111001000100000011011110110011000100000011000110110
000101110010011000100110111101101110001000000110000101110100
011011110110110101110011001000000110000101110010011001010010
000001101110011000010110110101100101011001000010000001100001
011100110010000001100110011011110110110001101100011011110111
011101110011001000000110110101100101011101000110100001100001
011011100110010100100000011000110110100000100000011001100110
111101110101011100100010000001100101011101000110100001100001
011011100110010100100000011000110010000001110100011101110110
111100100000011010000010000001110011011010010111100000100000
011100000111001001101111011100000110000101101110011001010010
000001100011001000000111010001101000011100100110010101100101
001000000110100000100000011001010110100101100111011010000111
010000100000011000100111010101110100011000010110111001100101
001000000110001100100000011001100110111101110101011100100010
000001101000001000000110111101101110011001010010000001111010
011001010111001001101111001000000110000101101100011010110110
000101101110011001010111001100100000011101110110100101110100
011010000010000001100110011010010111011001100101001000000110
111101110010001000000110110101101111011100100110010100100000
011000110110000101110010011000100110111101101110001000000110
000101110100011011110110110101110011001000000110000101110010
011001010010000001101110011000010110110101100101011001000010
000001100010011110010010000001100001011001000110010001101001
011011100110011100100000011101000110100001100101001000000111
001101110101011001100110011001101001011110000010000001100001
011011100110010100100000011101000110111100100000011101000110
100001100101001000000110000101110000011100000111001001101111
011100000111001001101001011000010111010001100101001000000110
111001110101011011010110010101110010011010010110001101100001
011011000010000001101101011101010110110001110100011010010111
000001101100011010010110010101110010001000000111011101101001
011101000110100000100000011001010110110001101001011100110110
100101101111011011100010000001101111011001100010000001100001
001000000111010001100101011100100110110101101001011011100110
000101101100001000000110000100100000011001100111001001101111
011011010010000001110100011010000110010100100000011000100110
000101110011011010010110001100100000011011100111010101101101
011001010111001001101001011000110110000101101100001000000111
010001100101011100100110110100100000011010000110010101101110
011000110110010100100000011100000110010101101110011101000110
000101101110011001010010000001100011001000000110011001101001
011101100110010100100000011010000010000001101111011011100110
010100100000011101000111011101101111001000000110100001100101
011110000110000101101110011001010010000001100011001000000111
001101101001011110000010000001101000001000000110111101101110
011001010010000001100110011011110111010101110010001000000110
100001100101011100000111010001100001011011100110010100100000
011000110010000001110011011001010111011001100101011011100010
000001101000001000000110111101101110011001010010000001110011
011010010111100000100000011011110110001101110100011000010110
111001100101001000000110001100100000011001010110100101100111
011010000111010000100000011010000010000001101111011011100110
010100100000011001010110100101100111011010000111010000100000
011001010111010001100011001000000110011001101111011100100010
000001100001001000000110110101101111011100100110010100100000
011000110110111101101101011100000110110001100101011101000110
010100100000011011000110100101110011011101000010000001110011
011001010110010100100000011011000110100101110011011101000010
000001101111011001100010000001100001011011000110101101100001
011011100110010101110011001000000111001101110100011100100110
000101101001011001110110100001110100001000000110001101101000
011000010110100101101110001000000110000101101100011010110110
000101101110011001010111001100100000011000010111001001100101
001000000111001101101111011011010110010101110100011010010110
110101100101011100110010000001101001011011100110010001101001
011000110110000101110100011001010110010000100000011000100111
100100100000011101000110100001100101001000000111000001110010
011001010110011001101001011110000010000001101110001000000110
011001101111011100100010000001101110011011110111001001101101
011000010110110000100000011101000110111100100000011001000110
100101110011011101000110100101101110011001110111010101101001
011100110110100000100000011101000110100001100101011011010010
000001100110011100100110111101101101001000000110001001110010
011000010110111001100011011010000110010101100100001000000110
001101101000011000010110100101101110001000000110000101101100
011010110110000101101110011001010111001100100000011010000110
000101110110011010010110111001100111001000000111010001101000
011001010010000001110011011000010110110101100101001000000110
111001110101011011010110001001100101011100100010000001101111
011001100010000001100011011000010111001001100010011011110110
111000100000011000010111010001101111011011010111001100100000
011000010110110001110100011010000110111101110101011001110110
100000100000011101000110100001101001011100110010000001101001
011100110010000001101110011011110111010000100000011100110111
010001110010011010010110001101110100011011000111100100100000
011011100110010101100011011001010111001101110011011000010111
001001111001001000000111010001101000011001010010000001110101
011100110110000101100111011001010010000001101001011100110010
000001110011011101000110100101101100011011000010000001100011
011011110110110101101101011011110110111000100000011010010110
111000100000011000110110000101110011011001010111001100100000
011101110110100001100101011100100110010100100000011101000110
100001100101011100100110010100100000011010010111001100100000
011000010110111000100000011010010110110101110000011011110111
001001110100011000010110111001110100001000000110010001101001
011001100110011001100101011100100110010101101110011000110110
010100100000011010010110111000100000011100000111001001101111
011100000110010101110010011101000110100101100101011100110010
000001100010011001010111010001110111011001010110010101101110
001000000111010001101000011001010010000001110011011101000111
001001100001011010010110011101101000011101000010000001100011
011010000110000101101001011011100010000001100001011011100110
010000100000011000100111001001100001011011100110001101101000
011001010110010000100000011000110110100001100001011010010110
111000100000011010010111001101101111011011010110010101110010
011100110010000001100101001000000110011100100000011011100010
000001101000011001010111100001100001011011100110010100100000
011010010111001100100000011000010010000001101110011001010111
010101110010011011110111010001101111011110000110100101101110
001000000111011101101000011010010110110001100101001000000110
100101110100011100110010000001100010011100100110000101101110
011000110110100001100101011001000010000001100011011010000110
000101101001011011100010000001101001011100110110111101101101
011001010111001001110011001000000110000101110010011001010010
000001101110011011110111010000100000011000010110110001101011
011000010110111001100101011100110010000001110111011010010111
010001101000001000000110001001110010011000010110111001100011
011010000110010101100100001000000110001101100001011100100110
001001101111011011100010000001100011011010000110000101101001
011011100111001100100000011000100111001001100001011011100110
001101101000011001010110010000100000011000010110110001101011
011000010110111001100101011100110010000001100001011100100110
010100100000011011100110000101101101011001010110010000100000
011000010111001100100000011001100110111101101100011011000110
111101110111011100110010000001101001011001000110010101101110
011101000110100101100110011110010010000001110100011010000110
010100100000011011000110111101101110011001110110010101110011
011101000010000001110011011101000111001001100001011010010110
011101101000011101000010000001100011011010000110000101101001
011011100010000001101111011001100010000001100011011000010111
001001100010011011110110111000100000011000010111010001101111
011011010111001100100000011011100111010101101101011000100110
010101110010001000000111010001101000011001010010000001100001
011101000110111101101101011100110010000001101001011011100010
000001110100011010000110100101110011001000000110001101101000
011000010110100101101110001000000111001101110100011000010111
001001110100011010010110111001100111001000000110011001110010
011011110110110100100000011011110110111001100101001000000110
000101110100001000000110111101101110011001010010000001100101
011011100110010000100000011000010110111001100100001000000110
001101101111011101010110111001110100011010010110111001100111
001000000111010101110000011101110110000101110010011001000111
001100100000011101000110111100100000011101000110100001100101
001000000110111101110100011010000110010101110010001000000110
010101101110011001000010000001100101011110000110000101101101
011010010110111001100101001000000111010001101000011001010010
000001100111011100100110111101110101011100000111001100100000
011000010111010001110100011000010110001101101000011001010110
010000100000011101000110111100100000011101000110100001100101
001000000110001101101000011000010110100101101110001000000110
100101101110001000000110111101110010011001000110010101110010
001000000110000101101110011001000010000001100110011011110111
001001101101001000000111010001101000011001010110100101110010
001000000110111001100001011011010110010101110011001000000110
011001101111011100100110110100100000011101000110100001100101
001000000110111001100001011011010110010100100000011000100111
100100100000011011000110111101101111011010110110100101101110
011001110010000001100001011101000010000001110100011010000110
010100100000011001000110100101100110011001100110010101110010
011001010110111001110100001000000110000101110100011101000110
000101100011011010000110010101100100001000000110011101110010
011011110111010101110000011100110010000001100001011011100110
010000100000011101110111001001101001011101000110100101101110
011001110010000001100110011011110111001000100000011001010110
000101100011011010000010000001100111011100100110111101110101
011100000010000001110100011010000110010100100000011001100110
111101101100011011000110111101110111011010010110111001100111
001000000111010001101000011001010010000001101110011101010110
110101100010011001010111001000100000011011110111001000100000
011011100111010101101101011000100110010101110010011100110010
000001101111011001100010000001110100011010000110010100100000
011000110110000101110010011000100110111101101110001000000110
000101110100011011110110110100100000011011110111001000100000
011000010111010001101111011011010111001100100000011101110110
100001100101011100100110010100100000011010010111010000100000
011010010111001100100000011000010111010001110100011000010110
001101101000011001010110010000100000011101000110100001100101
001000000111000001110010011001010110011001101001011110000110
010101110011001000000110010001101001001000000111010001110010
011010010010000001110100011001010111010001110010011000010010
000001100101011101000110001100100000011010010110011000100000
011101000110100001100101001000000110011101110010011011110111
010101110000001000000110100101110011001000000110000101110100
011101000110000101100011011010000110010101100100001000000110
100101101110001000000111010001110111011011110010000001110100
011010000111001001100101011001010010000001100110011011110111
010101110010001000000110010101110100011000110010000001110000
011011000110000101100011011001010111001100100000011011110111
001000100000011011100110111101110100011010000110100101101110
011001110010000001101001011001100010000001101001011101000010
000001101001011100110010000001100001011101000111010001100001
011000110110100001100101011001000010000001101001011011100010
000001101111011011100110110001111001001000000110111101101110
011001010010000001110000011011000110000101100011011001010010
000001110100011010000110010100100000011011100110000101101101
011001010010000001101111011001100010000001110100011010000110
010100100000011000010111010001110100011000010110001101101000
011001010110010000100000011001110111001001101111011101010111
000000100000011101000110100001100101001000000110011001101111
011100100110110101100001011101000110100101101111011011100010
000001101111011001100010000001110100011010000110010100100000
011011100110000101101101011001010010000001101001011100110010
000001100110011010010110111001101001011100110110100001100101
011001000010000001100010011110010010000001110111011100100110
100101110100011010010110111001100111001000000110010001101111
011101110110111000100000011101000110100001100101001000000110
111001100001011011010110010100100000011011110110011000100000
011101000110100001100101001000000110110001101111011011100110
011101100101011100110111010000100000011100110111010001110010
011000010110100101100111011010000111010000100000011000110110
100001100001011010010110111000100000011101000110111100100000
011000110110000101110010011100100111100100100000011011110111
010101110100001000000111010001101000011010010111001100100000
011000010110110001100111011011110111001001101001011101000110
100001101101001000000111011101100101001000000110110101110101
011100110111010000100000011010110110111001101111011101110010
000001101000011011110111011100100000011101000110111100100000
011011100110000101101101011001010010000001110100011010000110
010100100000011100110111010101100010011100110111010001101001
011101000111010101100101011011100111010000100000011001110111
001001101111011101010111000001110011001000000111010001101000
011010010111001100100000011010010111001100100000011001000110
111101101110011001010010000001100010011110010010000001110100
011010000110010100100000011100110110000101101101011001010010
000001101101011001010111010001101000011011110110010000100000
011001010111100001100011011001010111000001110100001000000111
010001101000011000010111010000100000011010010110111001110011
011101000110010101100001011001000010000001101111011001100010
000001110100011010000110010100100000011011000110111101101110
011001110110010101110011011101000010000001100011011010000110
000101101001011011100010000001101111011001100010000001100011
011000010111001001100010011011110110111000100000011000010111
010001101111011011010111001100100000011101000110100001100101
001000000110110001101111011011100110011101100101011100110111
010000100000011000110110100001100001011010010110111000100000
011100110111010001100001011100100111010001101001011011100110
011100100000011001100111001001101111011011010010000001110100
011010000110010100100000011000010111010001110100011000010110
001101101000011011010110010101101110011101000010000001110000
011011110110100101101110011101000010000001101001011100110010
000001110101011100110110010101100100001000000110000101101100
011100110110111100100000011101000110100001100101001000000110
111001110101011011010110001001100101011100100110100101101110
011001110010000001101001011100110010000001100100011011110110
111001100101001000000111001101101111001000000111010001101000
011000010111010000100000011101000110100001100101001000000110
001101100001011100100110001001101111011011100010000001100001
011101000110111101101101001000000110111001100101011110000111
010000100000011101000110111100100000011101000110100001100101
001000000110000101110100011101000110000101100011011010000110
110101100101011011100111010000100000011100000110111101101001
011011100111010000100000011010000110000101110011001000000111
010001101000011001010010000001101110011101010110110101100010
011001010111001000100000011011110110111001100101001000000110
011001101111011100100010000001100101011110000110000101101101
011100000110110001100101001000000111010001101000011001010010
000001100011011011110110110101110000011011110111010101101110
011001000010000001101001011100110010000001110100011010000110
010100100000011011110110111001101100011110010010000001100110
011011110111010101110010001000000110001101100001011100100110
001001101111011011100010000001100001011011000110101101100001
011011100110010100100000011100000110111101110011011100110110
100101100010011011000110010100100000011000010111000001100001
011100100111010000100000011001100111001001101111011011010010
000001100010011101010111010001100001011011100110010100100000
011010010111010001110011001000000110011001101111011100100110
110101100001011011000010000001101110011000010110110101100101
001000000110100101110011001000000111010001110111011011110010
000001101101011001010111010001101000011110010110110001110000
011100100110111101110000011000010110111001100101001000000111
000001100101011011100111010001100001011011100110010100100000
011010000110111101110111011001010111011001100101011100100010
000001101000011000010111001100100000011101000111011101101111
001000000110001001110010011000010110111001100011011010000110
010101100100001000000110100101110011011011110110110101100101
011100100111001100100000011010010110111000100000011000010110
010001100100011010010111010001101001011011110110111000100000
011101000110111100100000011010010111010001110011001000000110
110001101001011011100110010101100001011100100010000001101110
011011110111001001101101011000010110110000100000011001100110
111101110010011011010010000001110100011101110110111100100000
011101000111011101101111001000000110010001101001011011010110
010101110100011010000111100101101100011100000111001001101111
011100000110000101101110011001010010000001100001011011100110
010000100000011101000111011101101111001000000110110101100101
011101000110100001111001011011000110001001110101011101000110
000101101110011001010010000001110100011100100110100101110110
011010010110000101101100001000000110111001100001011011010110
010101110011001000000111010001101000011001010010000001100110
011011110110110001101100011011110111011101101001011011100110
011100100000011011100110111101101110011100110111100101110011
011101000110010101101101011000010111010001101001011000110010
000001101110011000010110110101100101011100110010000001100001
011100100110010100100000011100100110010101110100011000010110
100101101110011001010110010000100000011010010110111000100000
011101000110100001100101001000000110100101110101011100000110
000101100011001000000111001101111001011100110111010001100101
011011010010000001101001011100110110111101100010011101010111
010001100001011011100110010100100000011001100110111101110010
001000000111010001110111011011110010000001101101011001010111
010001101000011110010110110001110000011100100110111101110000
011000010110111001100101001000000110100101110011011011110111
000001100101011011100111010001100001011011100110010100100000
011001100110111101110010001000000111010001110111011011110010
000001101101011001010111010001101000011110010110110001100010
011101010111010001100001011011100110010100100000011011100110
010101101111011100000110010101101110011101000110000101101110
011001010010000001100110011011110111001000100000011101000111
011101101111001000000111010001110111011011110010000001100100
011010010110110101100101011101000110100001111001011011000111
000001110010011011110111000001100001011011100110010100100000
011101000110100001100101001000000110111001100001011011010110
010100100000011010010111001101101111011011110110001101110100
011000010110111001100101001000000110100101110011001000000111
011001100101011100100111100100100000011101110110100101100100
011001010110110001111001001000000111010101110011011001010110
010000100000011010010110111000100000011101000110100001100101
001000000111000001100101011101000111001001101111011000110110
100001100101011011010110100101100011011000010110110000100000
011010010110111001100100011101010111001101110100011100100111
100100100000011101000110111100100000011100100110010101100110
011001010111001000100000011101000110111100100000011101000111
011101101111001000000111010001110111011011110010000001100110
011011110111010101110010001000000111010001110010011010010110
110101100101011101000110100001111001011011000111000001100101
011011100111010001100001011011100110010100100000011011110110
001101100011011101010111001001110010011001010110111001100011
011001010010000001101101011001010111010001101000011000010110
111001100101001000000110000101101110011001000010000001100101
011101000110100001100001011011100110010100100000011011010110
000101101011011001010010000001110101011100000010000001100001
001000000110110001100001011100100110011101100101001000000111
000001110010011011110111000001101111011100100111010001101001
011011110110111000100000011011110110011000100000011010100111
010101110000011010010111010001100101011100100010000001110011
001000000110000101110100011011010110111101110011011100000110
100001100101011100100110010100100000011000010110110001101011
011000010110111001100101011100110010000001101111011000110110
001101110101011100100010000001100010011011110111010001101000
001000000110111101101110001000000110010101100001011100100111
010001101000001000000110000101101110011001000010000001101001
011011100010000001110100011010000110010100100000011100110110
111101101100011000010111001000100000011100110111100101110011
011101000110010101101101001000000110100001101111011101110110
010101110110011001010111001000100000011011110110111001101100
011110010010000001110100011010000110010100100000011001100110
100101110010011100110111010000100000011010000111010101101110
011001000111001001100101011001000010000001101111011100100010
000001110011011011110010000001100001011011100110010000100000
011001010111011001100101011011100010000001110100011010000110
010101101110001000000110110101101111011100110111010001101100
011110010010000001101111011011100110110001111001001000000110
100101101110001000000111010001110010011000010110001101100101
011100110010000001110100011010000110010100100000011011000110
100101100111011010000111010000100000011010000111100101100100
011100100110111101100011011000010111001001100010011011110110
111001110011001000000110010101110011011100000110010101100011
011010010110000101101100011011000111100100100000011011010110
010101110100011010000110000101101110011001010010000001100001
011011100110010000100000011001010111010001101000011000010110
111001100101001000000110011001101111011100100010000001100101
011110000110000101101101011100000110110001100101001000000110
100001100001011101100110010100100000011000100110010101100101
011011100010000001100100011001010111010001100101011000110111
010001100101011001000010000001100010011011110111010001101000
001000000110100101101110001000000111010001101000011001010010
000001110100011000010110100101101100001000000110111101100110
001000000111010001101000011001010010000001100011011011110110
110101100101011101000010000001101000011110010110000101101011
011101010111010001100001011010110110010100100000011000010110
111001100100001000000110100101101110001000000111001101101111
011011010110010100100000011011010110010101110100011001010110
111101110010011010010111010001100101011100110010000001110011
011101010110001101101000001000000110000101110011001000000110
001101100001011100100110001001101111011011100110000101100011
011001010110111101110101011100110010000001100011011010000110
111101101110011001000111001001101001011101000110010101110011
001000000111010001101000011001010111100100100000011000010110
110001110011011011110010000001100110011011110111001001101101
001000000110000101101110001000000110100101101101011100000110
111101110010011101000110000101101110011101000010000001110000
011011110111001001110100011010010110111101101110001000000110
111101100110001000000111010001101000011001010010000001100001
011101000110110101101111011100110111000001101000011001010111
001001100101011100110010000001101111011001100010000001110100
011010000110010100100000011011110111010101110100011001010111
001000100000011001110110000101110011001000000111000001101100
011000010110111001100101011101000111001100100000011010100111
010101110000011010010111010001100101011100100010000001110011
011000010111010001110101011100100110111000100000011101010111
001001100001011011100111010101110011001000000110000101101110
011001000010000001101110011001010111000001110100011101010110
111001100101001000000110111101101110001000000111010001101001
011101000110000101101110001000000111010001101000011001010010
000001110011011000010111010001100101011011000110110001101001
011101000110010100100000011011110110011000100000011100110110
000101110100011101010111001001101110001000000110100101110100
001000000110100101110011001000000110001001100101011011000110
100101100101011101100110010101100100001000000111010001101000
011000010111010000100000011101000110100001100101011100100110
010100100000011101110110010101110010011001010010000001101111
011011100110001101100101001000000110110001100001011100100110
011101100101001000000110111101100011011001010110000101101110
011100110010000001101111011001100010000001110100011010000110
010101110011011001010010000001100001011011100110010000100000
011011000110111101101110011001110110010101110010001000000110
001101101000011000010110100101101110001000000110000101101100
011010110110000101101110011001010111001100100000011100110110
110101100001011011000110110001100101011100100010000001110011
011001010110000101110011001000000110111101100110001000000110
110001101001011100010111010101101001011001000010000001100101
011101000110100001100001011011100110010100100000011000010111
001001100101001000000111010001101000011011110111010101100111
011010000111010000100000011100110111010001101001011011000110
110000100000011101000110111100100000011001010111100001101001
011100110111010000100000011101000110100001100101011100100110
010100100000011101000111001001100001011000110110010101110011
001000000110111101100110001000000110110101100101011101000110
100001100001011011100110010100100000011000010110001001101111
011101010111010000100000011110100110010101110010011011110010
000001111010011001010111001001101111001000000111101001100101
011100100110111100100000011110100110010101110010011011110010
000001101111011011100110010100100000011011110111001000100000
011011110110111001100101001000000111000001110000011011010010
000001101111011000110110001101110101011100100010000001101001
011011100010000001110100011010000110010100100000011001010110
000101110010011101000110100000100000011100110010000001100001
011101000110110101101111011100110111000001101000011001010111
001001100101001000000111000001110010011011110110010001110101
011000110110010101100100001000000111000001110010011010010110
110101100001011100100110100101101100011110010010000001100010
011110010010000001100110011011110111001001101101011100110010
000001101111011001100010000001100001011100100110001101101000
011000010110010101100001001000000111010001101000011001010010
000001100011011011110110111001110100011001010110111001110100
001000000110100101101110001000000111010001101000011001010010
000001101111011000110110010101100001011011100111001100100000
011010010111001100100000011011100110010101100111011011000110
100101100111011010010110001001101100011001010010000001100100
011101010110010100100000011101000110111100100000011101000110
100001100101001000000110110001101111011101110010000001110011
011011110110110001110101011000100110100101101100011010010111
010001111001001000000110100101101110001000000111011101100001
011101000110010101110010001000000110100001101111011101110110
010101110110011001010111001000100000011000010111010000100000
011010000110100101100111011010000010000001110000011100100110
010101110011011100110111010101110010011001010111001100100000
011000010110111001100100001000000110110001101111011101110010
000001110100011001010110110101110000011001010111001001100001
011101000111010101110010011001010111001100100000011011010110
010101110100011010000110000101101110011001010010000001100011
011000010110111000100000011000110110111100100000011000110111
001001111001011100110111010001100001011011000110110001101001
011110100110010100100000011101110110100101110100011010000010
000001110111011000010111010001100101011100100010000001110100
011011110010000001100110011011110111001001101101001000000110
000100100000011100110110111101101100011010010110010000100000
011011010110010101110100011010000110000101101110011001010010
000001101000011110010110010001110010011000010111010001100101
001000000110000101101100011101000110100001101111011101010110
011101101000001000000111010001101000011001010111100100100000
011000110110000101101110011011100110111101110100001000000110
001001100101001000000110001101101111011011010110110101100101
011100100110001101101001011000010110110001101100011110010010
000001100101011110000111000001101100011011110110100101110100
011001010110010000100000011000010111010000100000011101000110
100001100101001000000111000001110010011001010111001101100101
011011100111010000100000011101000110100101101101011001010010
000001110100011010000110010100100000011000110110000101101100
011011110111001001101001011001100110100101100011001000000111
011001100001011011000111010101100101001000000110111101100110
001000000111010001101000011001010010000001101011011011100110
111101110111011011100010000001101101011001010111010001101000
011000010110111001100101001000000110100001111001011001000111
001001100001011101000110010100100000011001100110100101100101
011011000110010001110011001000000110010101111000011000110110
010101100101011001000111001100100000011101000110100001100101
001000000110010101101110011001010111001001100111011110010010
000001100011011011110110111001110100011001010110111001110100
001000000110111101100110001000000110000101101100011011000010
000001110100011010000110010100100000011011100110000101110100
011101010111001001100001011011000010000001100111011000010111
001100100000011000010110111001100100001000000110111101101001
011011000010000001100100011001010111000001101111011100110110
100101110100011100110010000001110000011101010111010000100000
011101000110111101100111011001010111010001101000011001010111
001000100000011011010110010101110100011010000110000101101110
011001010010000001100101011110000111010001110010011000010110
001101110100011001010110010000100000011001100111001001101111
011011010010000001101101011001010111010001101000011000010110
111001100101001000000110100001111001011001000111001001100001
011101000110010100100000011010010111001100100000011000110110
111101101110011100110110100101100100011001010111001001100101
011001000010000001110100011010000110010101110010011001010110
011001101111011100100110010100100000011000010010000001100011
011000010110111001100100011010010110010001100001011101000110
010100100000011001100110111101110010001000000110011001110101
011101000111010101110010011001010010000001100110011101010110
010101101100011100110010000001100101011110000111010001110010
011000010110001101110100011010010110111101101110001000000110
111101100110001000000110000101101100011010110110000101101110
011001010111001100100000011010010110111000100000011011110110
111001110100011000010111001001101001011011110010000001110100
011011110110010001100001011110010010000001110100011010000110
010100100000011011010110111101110011011101000010000001101001
011011010111000001101111011100100111010001100001011011100111
010000100000011000110110111101101101011011010110010101110010
011000110110100101100001011011000010000001110011011011110111
010101110010011000110110010101110011001000000110011001101111
011100100010000001100001011011000110101101100001011011100110
010101110011001000000110000101110010011001010010000001100011
011011000110010101100001011100100110110001111001001000000110
111001100001011101000111010101110010011000010110110000100000
011001110110000101110011001000000110000101101110011001000010
000001101111011010010110110000100000011101110110100001101001
011000110110100000100000011000010111001001100101001000000111
010001101000011001010010000001101111011011100110110001111001
001000000110111101110010011001110110000101101110011010010110
001100100000011000110110111101101101011100000110111101110101
011011100110010001110011001000000111010001101111001000000110
111101100011011000110111010101110010001000000110000101110011
001000000110110101101001011011100110010101110010011000010110
110001110011001000000110100101101110001000000110111001100001
011101000111010101110010011001010010000001101110011000010111
010001110101011100100110000101101100001000000110011101100001
011100110010000001100011011011110110111001110100011000010110
100101101110011100110010000001110000011100100110100101101101
011000010111001001101001011011000111100100100000011011010110
010101110100011010000110000101101110011001010010000001100001
011011100110010000100000011001010111010001101000011000010110
111001100101001000000111011101101001011101000110100000100000
011100110110111101101101011001010010000001110000011100100110
111101110000011000010110111001100101001000000110000101101110
011001000010000001100010011101010111010001100001011011100110
010100100000011011110110100101101100001000000110100101110011
001000000110000100100000011011010110100101111000011101000111
010101110010011001010010000001101111011001100010000001101100
011010010111000101110101011010010110010000100000011000010110
110001101011011000010110111001100101011100110010000001100001
011011100110010000100000011011110111010001101000011001010111
001000100000011010000111100101100100011100100110111101100011
011000010111001001100010011011110110111001110011001000000110
001001101111011101000110100000100000011101110110010101110010
011001010010000001100110011011110111001001101101011001010110
010000100000011101110110100001100101011011100010000001100100
011001010110000101100100001000000110110101100001011100100110
100101101110011001010010000001100001011011100110100101101101
011000010110110001110011001000000110000101101110011001000010
000001110000011011000110000101101110011101000111001100100000
011110100110111101101111011100000110110001100001011011100110
101101110100011011110110111000100000011000010110111001100100
001000000111000001101000011110010111010001101111011100000110
110001100001011011100110101101110100011011110110111000100000
011100110110000101101110011010110010000001110100011011110010
000001110100011010000110010100100000011000100110111101110100
011101000110111101101101001000000110111101100110001000000110
000101101110011000110110100101100101011011100111010000100000
011100110110010101100001011100110010000001100001011011100110
010000100000011101110110010101110010011001010010000001100011
011011110111011001100101011100100110010101100100001000000111
011101101001011101000110100000100000011100110110010101100100
011010010110110101100101011011100111010001110011001000000110
100101101110001000000110000101101110001000000110000101101110
011011110111100001101001011000110010000001100101011011100111
011001101001011100100110111101101110011011010110010101101110
011101000010000001101001011001010010000001101100011000010110
001101101011011010010110111001100111001000000110100101101110
001000000110111101111000011110010110011101100101011011100010
000001100001011011100110010000100000011000110110111101101110
011101100110010101110010011101000110010101100100001000000110
111101110110011001010111001000100000011011010110000101101110
011110010010000001101101011010010110110001101100011010010110
111101101110011100110010000001101111011001100010000001111001
011001010110000101110010011100110010000001100001011101000010
000001101000011010010110011101101000001000000111010001100101
011011010111000001100101011100100110000101110100011101010111
001001100101011100110010000001100001011011100110010000100000
011010000110100101100111011010000010000001110000011100100110
010101110011011100110111010101110010011001010010000001110100
011011110010000001110100011010000110010101101001011100100010
000001100011011101010111001001110010011001010110111001110100
001000000110011001101111011100100110110100100000011011100110
000101110100011101010111001001100001011011000010000001100111
011000010111001100100000011100100110010101110011011101010110
110001110100011001010110010000100000011101000110100001100101
011100100110010101100010011110010010000001100110011011110111
001000100000011001010111100001100001011011010111000001101100
011001010010000001100110011100100110111101101101001000000111
010001101000011001010010000001100110011011110110110001101100
011011110111011101101001011011100110011100100000011100100110
010101100001011000110111010001101001011011110110111000100000
011000110010000001110011011010010111100000100000011010000010
000001101111011011100110010100100000011101000111011101101111
001000000110111100100000011100110110100101111000001000000111
010001101000011100100110010101100101001000000110001101101000
001000000110011001101111011101010111001000100000011101000110
100001110010011001010110010100100000011000110110111100100000
011101000111011101101111001000000111010001101000011001010111
001101100101001000000110100001111001011001000111001001101111
011000110110000101110010011000100110111101101110011100110010
000001100011011011110110110001101100011001010110001101110100
011001010110010000100000011010010110111000100000011100000110
111101110010011011110111010101110011001000000111001001101111
011000110110101101110011001000000111010001110010011000010111
000001110000011001010110010000100000011000100110010101101110
011001010110000101110100011010000010000001100001011011100010
000001101001011011010111000001100101011100100110110101100101
011000010110001001101100011001010010000001100011011000010111
000000100000011100100110111101100011011010110010000001101001
011011100010000001100011011011110110111001110100011100100110
000101110011011101000010000001110100011011110010000001101101
011001010111010001101000011000010110111001100101001000000111
011101101000011010010110001101101000001000000110100101110011
001000000110001101101111011011100111001101110100011000010110
111001110100011011000111100100100000011100100110010101100110
011011110111001001101101011001010110010000100000011010010110
111000100000011011000110000101110010011001110110010100100000
011100010111010101100001011011100111010001101001011101000110
100101100101011100110010000001101000011010010110011101101000
011001010111001000100000011000010110110001101011011000010110
111001100101011100110010000001110010011000010111001001100101
011011000111100100100000011001000110010101110110011001010110
110001101111011100000010000001110100011011110010000001100001
001000000110001101101111011011100111001101101001011001000110
010101110010011000010110001001101100011001010010000001100101
011110000111010001100101011011100111010000100000011010010110
111000100000011011100110000101110100011101010111001001100101
001000000111010001101000011001010010000001110000011100100110
010101110011011001010110111001110100001000000110010001100101
011100000110111101110011011010010111010001110011001000000111
011101101001011011000110110000100000011011100110111101110100
001000000110001001100101001000000111001001100101011001100110
111101110010011011010110010101100100001000000110111101101110
011000110110010100100000011101000110100001100101011110010010
000001100001011100100110010100100000011001010111100001101000
011000010111010101110011011101000110010101100100001000000111
001101101111011011000110100101100100001000000110000101101100
011010110110000101101110011001010111001100100000011011110110
001101100011011101010111001000100000011000010111001100100000
011001010111011001100001011100000110111101110010011000010111
010001101001011011110110111000100000011100100110010101110011
011010010110010001110101011001010111001100100000011001100111
001001101111011011010010000001101111011010010110110000100000
011010110110111001101111011101110110111000100000011000010111
001100100000011101000110000101110010001000000110111101101110
011001010010000001101111011001100010000001110100011010000110
010100100000011011000110000101110010011001110110010101110011
011101000010000001101110011000010111010001110101011100100110
000101101100001000000110010001100101011100000110111101110011
011010010111010001110011001000000110111101100110001000000111
001101101111011011000110100101100100001000000110000101101100
011010110110000101101110011001010111001100100000011010010111
001100100000011010010110111000100000011101000110100001100101
001000000110000101110011011100000110100001100001011011000111
010000100000011011000110000101101011011001010010000001101011
011011100110111101110111011011100010000001100001011100110010
000001110100011010000110010100100000011100000110100101110100
011000110110100000100000011011000110000101101011011001010010
000001101001011011100010000001110100011100100110100101101110
011010010110010001100001011001000010000001100001011011100110
010000100000011101000110111101100010011000010110011101101111
001000000111000001110101011100100110100101100110011010010110
001101100001011101000110100101101111011011100010000001100001
011011100110010000100000011101010111001101100101001000000110
000101101110001000000110111101101001011011000010000001110010
011001010110011001101001011011100110010101110010011110010010
000001100001011101000010000001101101011000010111001001110100
011010010110111001100101011110100010000001100011011000010110
110001101001011001100110111101110010011011100110100101100001
001000000110000101101100011010110110000101101110011001010111
001100100000011000010111001001100101001000000110001001101111
011101000110100000100000011010010110110101110000011011110111
001001110100011000010110111001110100001000000111001001100001
011101110010000001101101011000010111010001100101011100100110
100101100001011011000111001100100000011011110110011000100000
011101000110100001100101001000000110001101101000011001010110
110101101001011000110110000101101100001000000110100101101110
011001000111010101110011011101000111001001111001001000000110
000101101110011001000010000001110100011010000110010100100000
011011010110111101110011011101000010000001101001011011010111
000001101111011100100111010001100001011011100111010000100000
011001100111010101100101011011000111001100100000011011110110
011000100000011101000110100001100101001000000111011101101111
011100100110110001100100001000000110010101100011011011110110
111001101111011011010111100100100000011101000110100001100101
001000000111001101110100011000010111001001110100011010010110
111001100111001000000110110101100001011101000110010101110010
011010010110000101101100011100110010000001100110011011110111
001000100000011101000110100001100101001000000111000001110010
011011110110001101100101011100110111001101101001011011100110
011100100000011000010111001001100101001000000110000101101100
011101110110000101111001011100110010000001101110011000010111
010001110101011100100110000101101100001000000110011101100001
011100110010000001100001011011100110010000100000011000110111
001001110101011001000110010100100000011011110110100101101100
001000000111010001101000011001010010000001101100011000010111
010001110100011001010111001000100000011010010111001100100000
011100110110010101110000011000010111001001100001011101000110
010101100100001000000110100101101110001000000110000101101110
001000000110111101101001011011000010000001110010011001010110
011001101001011011100110010101110010011110010010000001100010
011110010010000001100110011100100110000101100011011101000110
100101101111011011100110000101101100001000000110010001101001
011100110111010001101001011011000110110001100001011101000110
100101101111011011100010000001100001011011100110010000100000
011100000111001001101111011000110110010101110011011100110110
010101100100001000000110100101101110011101000110111100100000
011011010110000101101110011110010010000001100100011010010110
011001100110011001010111001001100101011011100111010000100000
011100000111001001101111011001000111010101100011011101000111
001100100000011001100110111101110010001000000110010101111000
011000010110110101110000011011000110010100100000011001110110
000101110011011011110110110001101001011011100110010100100000
011101000110100001100101001000000110010001101001011001100110
011001100101011100100110010101101110011101000010000001100110
011100100110000101100011011101000110100101101111011011100111
001100100000011011110110011000100000011000110111001001110101
011001000110010100100000011011110110100101101100001000000110
100001100001011101100110010100100000011001000110100101100110
011001100110010101110010011001010110111001110100001000000110
001001101111011010010110110001101001011011100110011100100000
011100000110111101101001011011100111010001110011001000000110
000101101110011001000010000001100011011000010110111000100000
011000100110010100100000011010010111001101101111011011000110
000101110100011001010110010000100000011000010110111001100100
001000000111001101100101011100000110000101110010011000010111
010001100101011001000010000001110001011101010110100101110100
011001010010000001100101011000010111001101101001011011000111
100100100000011101110110100101110100011010000110100101101110
001000000111010001101000011001010010000001101001011011100110
010001101001011101100110100101100100011101010110000101101100
001000000110011001110010011000010110001101110100011010010110
111101101110011100110010000001110100011010000110010100100000
011000100110111101101001011011000110100101101110011001110010
000001110000011011110110100101101110011101000111001100100000
011011000110100101100101001000000110001101101100011011110111
001101100101011011000111100100100000011101000110111101100111
011001010111010001101000011001010111001000100000011101000110
100001100101001000000110010001101111011011010110000101101001
011011100010000001101111011001100010000001110101011100110110
000101100111011001010010000001101111011001100010000001100001
001000000110001101100101011100100111010001100001011010010110
111000100000011000010110110001101011011000010110111001100101
001000000110001101100001011011100010000001100010011001010010
000001100100011001010111010001100101011100100110110101101001
011011100110010101100100001000000111000101110101011010010111
010001100101001000000111011101100101011011000110110000100000
011000010110001101100011011011110111001001100100011010010110
111001100111001000000111010001101111001000000111010001101000
011001010010000001101110011101010110110101100010011001010111
001000100000011011110110011000100000011000110110000101110010
011000100110111101101110001000000110000101110100011011110110
110101110011001000000110000101101100011101000110100001101111
011101010110011101101000001000000111010001101000011001010010
000001100110011011110110110001101100011011110111011101101001
011011100110011100100000011001000110010101101101011000010111
001001100011011000010111010001101001011011110110111000100000
011010010111001100100000011010010110010001100101011000010110
110001101001011110100110010101100100001000000110000101101110
011001000010000001101110011011110111010000100000011100000110
010101110010011001100110010101100011011101000010000001110100
011010000110010100100000011001100110100101110010011100110111
010000100000011001100110111101110101011100100010000001100001
011011000110101101100001011011100110010101110011001000000110
000101110010011001010010000001110101011100110110010101100100
001000000110110101100001011010010110111001101100011110010010
000001100110011011110111001000100000011010000110010101100001
011101000110100101101110011001110010000001100001011011100110
010000100000011000110110111101101111011010110110100101101110
011001110010000001110000011101010111001001110000011011110111
001101100101011100110010000001100001011011100110010000100000
011010010110111000100000011100110110111101101101011001010010
000001100011011011110111010101101110011101000111001001101001
011001010111001100100000011001100110111101110010001000000110
010101101100011001010110001101110100011100100110100101100011
011010010111010001111001001000000110011101100101011011100110
010101110010011000010111010001101001011011110110111000100000
011011010110010101110100011010000110000101101110011001010010
000001100001011011100110010000100000011001010111010001101000
011000010110111001100101001000000110000101110010011001010010
000001110100011010000110010100100000011011010110000101101001
011011100010000001100011011011110110110101110000011011110110
111001100001011011100111010001110011001000000110111101100110
001000000110111001100001011101000111010101110010011000010110
110000100000011001110110000101110011001000000111010001101000
011001010111100100100000011000010111001001100101001000000110
111001101111011100100110110101100001011011000110110001111001
001000000111001101110100011011110111001001100101011001000010
000001100001011100110010000001100111011000010111001101100101
011100110010000001110101011011100110010001100101011100100010
000001110000011100100110010101110011011100110111010101110010
011001010010000001101001011101000010000001101001011100110010
000001101000011011110111011101100101011101100110010101110010
001000000110010101100001011100110110100101100101011100100010
000001110100011011110010000001110100011100100110000101101110
011100110111000001101111011100100111010000100000011101000110
100001100101011011010010000001100001011100110010000001101100
011010010111000101110101011010010110010001110011001000000111
010001101000011010010111001100100000011100100110010101110001
011101010110100101110010011001010111001100100000011000100110
111101110100011010000010000001100011011011110110110101110000
011100100110010101110011011100110110100101101111011011100010
000001100001011011100110010000100000011000110110111101101111
011011000110100101101110011001110010000001101111011001100010
000001110100011010000110010100100000011001110110000101110011
001000000111000001110010011011110111000001100001011011100110
010100100000011000010110111001100100001000000110001001110101
011101000110000101101110011001010010000001100011011000010110
111000100000011000100110010100100000011011000110100101110001
011101010110010101100110011010010110010101100100001000000110
000101110100001000000110011001100001011010010111001001101100
011110010010000001101100011011110111011100100000011100000111
001001100101011100110111001101110101011100100110010101110011
001000000110000101101110011001000010000001100001011100100110
010100100000011101110110010101101100011011000010000001101011
011011100110111101110111011011100010000001100001011100110010
000001101100011010010111000101110101011010010110011001101001
011001010110010000100000011100000110010101110100011100100110
111101101100011001010111010101101101001000000110011101100001
011100110010000001101100011100000110011100100000011100000111
001001101111011100000110000101101110011001010010000001100110
011011110111001000100000011001010111100001100001011011010111
000001101100011001010010000001101001011100110010000001110101
011100110110010101100100001000000110100101101110001000000111
010001101000011001010010000001110000011100100110111101110000
011000010110111001100101001000000110011101100001011100110010
000001100010011101010111001001101110011001010111001000100000
011000100111010101110100011000010110111001100101001000000110
100101101110001000000110010001101001011100110111000001101111
011100110110000101100010011011000110010100100000011000110110
100101100111011000010111001001100101011101000111010001100101
001000000110110001101001011001110110100001110100011001010111
001001110011001000000111011101101000011001010111001001100101
001000000111010001101000011001010010000001110000011100100110
010101110011011100110111010101110010011001010010000001101001
011100110010000001100001001000000110110101100101011100100110
010100100000011101000111011101101111001000000110001001100001
011100100010000001110100011010000110010100100000011101000111
011101101111001000000110000101101100011010110110000101101110
011001010111001100100000011000010111001001100101001000000111
010101110011011001010110010000100000011000010111001100100000
011100000111001001101111011100000110010101101100011011000110
000101101110011101000111001100100000011010010110111000100000
011000010110010101110010011011110111001101101111011011000010
000001110011011100000111001001100001011110010111001100100000
011001100111001001101111011011010010000001110000011001010110
111001110100011000010110111001100101001000000111010001101111
001000000110111101100011011101000110000101101110011001010010
000001110100011010000110010100100000011000010110110001101011
011000010110111001100101011100110010000001100001011100100110
010100100000011010000110100101100111011010000110110001111001
001000000111011001101111011011000110000101110100011010010110
110001100101001000000110110001101001011100010111010101101001
011001000111001100100000011101000110100001100101011110010010
000001100001011100100110010100100000011101010111001101100101
011001000010000001100001011100110010000001100110011101010110
010101101100011100110010000001101001011011100010000001101001
011011100111010001100101011100100110111001100001011011000010
000001100011011011110110110101100010011101010111001101110100
011010010110111101101110001000000110010101101110011001110110
100101101110011001010111001100100000011000010111001100100000
011101000110100001100101011110010010000001110110011000010111
000001101111011100100110100101110011011001010010000001100101
011000010111001101101001011011000111100100100000011011110110
111000100000011001010110111001110100011100100111100100100000
011010010110111001110100011011110010000001110100011010000110
010100100000011000110110111101101101011000100111010101110011
011101000110100101101111011011100010000001100011011010000110
000101101101011000100110010101110010001000000111011101101001
011101000110100001101111011101010111010000100000011001100110
111101110010011011010110100101101110011001110010000001100100
011100100110111101110000011011000110010101110100011100110010
000001110111011010000110100101100011011010000010000001110111
011011110111010101101100011001000010000001101001011011010111
000001100001011010010111001000100000011101000110100001100101
001000000111010101101110011010010110011001101111011011010110
100101110100011110010010000001101111011001100010000001110100
011010000110010100100000011000110110111101101101011000100111
010101110011011101000110100101101111011011100010000001100010
011100100110000101101110011000110110100001100101011001000010
000001100011011010000110000101101001011011100010000001100001
011011000110101101100001011011100110010101110011001000000110
000101110010011001010010000001110000011100100110010101100110
011001010111001001110010011001010110010000100000011000010111
001100100000011101000110100001100101011110010010000001100001
011100100110010100100000011011010111010101100011011010000010
000001101100011001010111001101110011001000000111000001110010
011011110110111001100101001000000111010001101111001000000111
000001110010011001010110110101100001011101000111010101110010
011001010010000001101001011001110110111001101001011101000110
100101101111011011100010000001110111011010000110100101100011
011010000010000001100011011000010111010101110011011001010111
001100100000011010110110111001101111011000110110101101101001
011011100110011100100000011101000110100001100001011011100010
000001110100011010000110010101101001011100100010000001110011
011101000111001001100001011010010110011101101000011101000010
000001100011011010000110000101101001011011100010000001101000
011011110110110101101111011011000110111101100111011101010110
010101110011001000000111010001101000011010010111001100100000
011100000111001001101111011100000110010101101110011100110110
100101110100011110010010000001110100011011110010000001110000
011100100110010101101101011000010111010001110101011100100110
010100100000011010010110011101101110011010010111010001101001
011011110110111000100000011010010111001100100000011011010110
010101100001011100110111010101110010011001010110010000100000
011000100111100100100000011101000110100001100101001000000110
111101100011011101000110000101101110011001010010000001110010
011000010111010001101001011011100110011100100000011011110110
011000100000011101000110100001100101001000000110011001110101
011001010110110000100000011101110110100001100101011100100110
010100100000011101000111011101101111001000000111010001110111
011011110010000001100110011011110111010101110010001000000111
010001110010011010010110110101100101011101000110100001111001
011011000111000001100101011011100111010001100001011011100110
010100100000011010010111001101101111011011110110001101110100
011000010110111001100101001000000110100001100001011100110010
000001100001011011100010000001100001011100100110001001101001
011101000111001001100001011100100111100100100000011101100110
