011101101000100
010110010010000
000101100101110
000001100110000
010000001011111
000011000001001
010110110110100
111101011111010
000101111100010
001100001001101
111010000010010
010010010001110
011000000000011
110111100000110
110101011111100
001000000110101
011001011011011
001000010101100
101110101111000
101111100001010
101101111100111
111010010000100
111001010110001
101101100100100
010010101101001
111001000010100
011100010001011
111000001010101
101101110111101
100011000111001
000000101000010
110110100100001
100110010010110
100111100110000
101010111111111
111010101100011
011101100010001
011011111011110
110010011010111
001111111000101
000101100010010
000010000100001
101010111001100
100111100110000
110011011001100
100101110001000
101111111110101
101000001101100
101001100111010
001111001111000
001101001100101
010010111000011
100001001001101
011111000010100
101110010011111
100001110101010
100111110101001
101101001100110
000111001001101
100011011110101
111111000101011
011001011011011
010101000000000
101001100000110
000000111100111
110110000001010
100010000010001
101011000111111
110110100011101
101010110010110
001110000000101
010101000111100
100100001111011
100100000011101
001011011000011
001001110011100
100011111010001
110100001111110
010110110001000
001011011111111
010000111010001
001111100000110
001100111001100
100100100000101
101111110011100
000011110000111
001110111100010
111111001110001
101111110101111
110001110010011
010101101111110
101111001001000
101000110000100
111011111100001
011010110010000
000011111011101
001111001111000
111011100010001
110111000100010
010000000110110
011010001001011
101001001110111
100001111111111
001000000111010
001100100000000
001011010100101
110001001000111
000001001000001
110101011001111
001100100000000
011001011100111
100001111000011
011111010111110
110000000110101
001110010101111
110111010001000
011001100110011
001111010111011
100001011100111
111010010110111
100011001011111
011110011111111
100010011101110
011100110010011
101111101100011
010010011100111
110010000011011
001110000111001
100000010011010
001101000001100
001010011101011
001001100110110
111110110001101
110001111111010
010000001010000
000110101110010
111010101010000
110110000000101
111001101101010
001001011011110
001101001100101
110101101110010
110010010000010
100000010101001
001110001100011
100001010000001
010010101010101
100110101001101
010100100001100
111111000010111
100000011111100
000111010110010
110111011011101
101100111111100
010011000111111
000000010100101
000011001100000
010111000010010
010010101010101
100001101011010
100001001110001
011001010001110
100001011101000
011001111110000
011010101011100
000100111001010
001110010100000
010100001001110
111010111110101
001100010111101
101110110110100
001010111000000
000000111011011
110101011111100
110000111010010
011111010000010
111011110111011
010011000001100
010110010011111
001000101110111
101101011110000
000110010100110
000011100010001
001000110001000
010101000000000
101010000101011
010101010010110
001100000101011
011100001001000
010100101100101
110111111000101
100110110000001
000100101101111
101010100110011
100001000101011
010101110111101
110010011100100
011100101010000
101100110011010
011100010000100
001001110100000
000001000100111
111011000110101
010001001001011
010101000001111
000010101101100
100100000100001
011000111010111
011100110011100
110101010100110
110010110010101
001000101001011
111111111000011
100001100001111
101101011110000
110110010011100
011010000011110
100101100100010
111110011111100
110010101011001
110011001100110
001000011111001
010110111010010
111110100011011
001101000111111
100011010100000
100011001100011
010011010101001
100111010001101
000101011001001
011011111010001
110110000001010
100110011111111
010011011111100
111001010000010
101100011011000
100010100110101
110110101001000
101010111001100
111010000011101
011011100100001
111011010010000
010100010111110
011100110100000
000010000011101
100110000111100
100110001010101
100010000010001
101110100100010
110000111101110
111101011001001
000011001011100
110100110100101
011111000101000
111111000100100
000101101000111
000101101110100
100000010011010
100000011000000
011101010100011
100100000011101
001011000000000
110000101111000
000010001110100
111100100110101
101101101001101
011110111010100
110011111011011
001001010000100
010000011111010
100011110111000
101100010001101
011111111110011
101101000001111
000010001001000
110010101011001
000000000000000
101001000010001
101101100101011
010100000100111
010100010001101
110110000001010
101101011001100
000101111100010
110111100001001
001110100101110
110111001111000
000001010001101
110110001101100
010101001011010
100100010110111
100111100000011
100000011110011
011101010100011
101001101101111
101101101110001
011101011111001
110010110010101
101101111101000
011101001011100
001010011100100
010100101011001
100001100110011
101010011010100
001100000010111
110100000010111
101011100010100
101000110001011
011100111001001
100001001111110
000010101100011
011011111101101
111001100110000
101110000111010
011010000101101
010011010100110
101001000011110
001000110001000
101111111001001
000101111101101
001001100001010
101111100000101
011101101001011
101101101111110
000111010001110
101101011000011
000111000010111
011101011111001
110010110010101
110111110010000
111100100111010
110100010110010
000111010111101
001001010000100
000100101101111
111110011110011
000100000010001
011110011110000
100011111010001
101101100010111
001000000001001
010001010111011
000011110001000
111100100111010
111010111001001
101100100001100
101001101011100
101000011000110
100111110100110
011010100111010
011010111001010
000000100100100
111011000000110
001100001110001
101000010011100
111100001000100
110001010000100
101000110110111
000011011110110
011001110011001
000000010101010
000100100111010
010111111001001
011001100111100
001010001000001
010100100110000
000111000101011
100001011101000
010110000110101
011100100110110
100010111001010
000011110000111
001001100110110
000111010001110
111101011000110
010010001000010
101000110001011
100101001101111
110110101110100
100111000101000
000010010000100
110001110011100
001010010001101
000011011110110
010011001010110
000111001001101
111111011101000
010010101011010
011110011001100
011100000101110
101001110010000
101110110000111
011001100000000
000110110000010
011011000110110
001001110011100
000010011010001
100010001000100
011010110101100
111100101101111
111010110011100
001101110110001
100000001011001
100110111011011
001010101011001
000011111011101
010110000110101
000011000001001
111101001100011
110111111001010
101101110001110
101000010101111
110111110100011
000110110110001
111110101110010
011111011010111
101110001010011
000101011111010
000100110100011
110000000111010
011010010000111
100011110110111
111001100110000
000010100111001
010010101011010
111111000010111
111101111100010
000000110110010
100100110100000
101011100100111
111101110001011
111100101011100
000000000111100
010100110011010
100100101101100
111101101001000
011100101010000
011111010000010
101001100110101
110100100001111
011110010101010
101010111111111
010110111100001
010110011000101
111100100110101
010101111100111
000001001000001
101010001110001
001001110010011
001001000010010
011010110101100
110000110110100
001101011000000
001110011110101
101101010011001
010000011111010
001111111000101
100011111011110
101010111111111
111010001110100
010100110100110
001001010111000
010110011110110
111001001001110
011111101101010
000101011000110
011110111101000
001011001100110
111001101011001
110000110111011
000101100011101
000001101100101
111000010101010
010101101111110
100000100010100
000000011001100
101000010011100
000111000100100
010100111000000
000000101111110
010010000011000
011111011011000
101111000101110
001111000010001
100010110100011
011111101100101
000011100100010
011100010110111
110001100110110
101011001011001
111011011000101
011101000110101
011101010101100
000100110101100
010001110101100
111110011110011
000111101010101
111011010100011
000100101100000
010001111111001
001010100001100
100101011001010
011110011000011
101010111001100
110010011011000
101011010100110
101010011011011
001001001000111
101101001100110
011110011111111
001010001001110
101011010010101
000101111011110
001000010010000
001000100011110
110110011000110
111000100100100
110001110011100
110100001001101
101010100110011
101010101100110
011101111100001
111101001011111
001100101101001
110010011010111
111100011011101
110011000001111
011011111100010
000001010000010
111001000101000
111011110001000
101110100101101
101110100011110
001000010101100
100011000111001
010110111010010
001100000010111
111011011000101
101111110010011
001110100101110
010010101100110
111111000101011
010100000010100
010010101011010
011100101101100
101111111110101
000110001100101
001001011100010
110000110110100
101101000001111
001001110010011
111100000011110
110011001101001
011011000111001
110101000001100
001111001000100
101101101001101
010001001111000
011101010011111
010000011000110
101101100101011
101110000000110
010011001101010
100010000101101
001011101001101
010001101010011
011000001010110
100100000011101
000111000010111
110111001000100
101111000011101
100100100000101
000100000011110
001010110100110
011111111111100
110110010011100
011000110110001
001111100001001
000100000010001
101101101001101
011001111111111
101101000000000
011001110011001
100011001010000
101010110100101
011110110110010
010110011001010
011110110111101
111111111111111
000111100111100
001111110011111
101100110101001
111011100100010
001010010111110
011110110001110
101111010111000
100001111110000
100000110110001
010001011100001
100011101000111
001001100001010
001001000101110
111011110001000
001111010001000
111101101110100
000100110101100
100010010001000
100001110100101
000100111111001
000010000010010
101101010010110
000101010101111
101100001110010
011111010111110
010011010011010
000010010111000
011100100000101
010100111110011
110011000000000
111101010100000
000001101011001
111011010101100
000100110011111
010110110110100
011111111110011
000101110111000
000011001101111
101110000111010
101101111010100
101111010000100
011010100110101
001101000110000
000011000000110
101000111011110
011110010011001
000000101110001
000000010101010
000010111001001
011111011011000
110111100111010
100010011010010
101001100111010
101101000001111
000101001010000
101001001110111
111101101111011
101100011100100
100011100011101
100100111111010
100011010100000
100101101001011
000010110011100
011110000001111
010010011101000
000110101001110
110100000010111
001110000000101
011011011110101
010000011111010
111010000101110
111000010101010
000100110011111
001100100111100
010000100010010
111111100111100
111010110101111
001010010111110
011011011001001
110000001100000
000100001111000
101001010000111
101011111011000
111000110110010
110101101111101
111001000100111
101010100110011
011101111010010
111101011001001
100001110101010
011100111110101
010001000011110
100001001000010
010001001110111
100010000100010
101011011111100
111101001100011
000100111000101
001100001000010
101011011000000
010111001111011
111100101101111
110110111101101
101110101110111
010000000001010
001010011100100
000110111100100
100111111000000
010010011101000
011010100001001
011100011010001
101101110001110
101111010001011
111010101011111
000001111111100
111101111011110
000011100010001
110000101001011
001111111001010
001100101100110
110011101110001
100110000111100
000001111000000
101111101100011
011100101011111
001100000010111
010100001001110
110011110111101
101101010101010
101110011111001
101100111110011
111011001101111
101101000111100
110010111000000
001101111101011
000110011110011
110011110001110
000001110101001
111011111011101
101010111110000
011001100000000
010011100010100
010001010111011
101110100101101
110100000010111
100000010010101
100111010110001
001100000010111
000110101110010
010100111001111
011110100010111
001101011000000
011111101100101
111011010010000
010010111001100
001001101100011
111110101001110
010111110011100
001100010000001
001101011001111
001000000000110
010100111000000
010101000110011
101101111100111
010111000101110
100001000011000
010000010100000
011111011011000
100100001110100
011101000111010
010001010110100
001110000000101
001001010110111
001111011100001
011101011001010
010110110111011
101101100011000
111100100001001
100111011100100
111001001000001
000110001100101
101101111100111
000111111110000
011011100101110
011100100110110
000110111011000
111011010100011
001100011011011
010111100111001
100110000111100
010010101100110
110010001001110
100101110001000
100100101010000
100111110100110
101010001000010
000001011100100
110001001000111
010100010000010
110110001011111
001011110000001
101100100000011
111000110001110
110011110001110
000100011011101
001000000111010
000001011010111
010100101101010
111111111000011
010010110010110
111111000101011
000011011111001
001000100100010
010101001101001
100111111111100
110110100011101
110110111101101
011011100101110
101111111000110
100111110011010
111111001001101
110100000010111
111111111001100
010001001001011
100010001001011
100011110111000
110101111011000
110001101101100
011001111111111
011111110101001
010011110110001
001110111100010
100010010110100
100110110111101
000111000010111
111001101100101
011101001010011
110010111000000
001011011000011
000001010111110
000011010101100
011100111000110
110110111011110
010001100000110
111100000010001
010000001010000
101101111010100
101100111000000
110010011010111
111010011010001
001010000011011
010001011101110
000010011100010
111101111011110
111101000110110
000011111011101
101010101100110
011011000110110
010110011001010
001101110000010
101001010000111
101000101111011
010001000011110
011111000010100
001000001011100
101100001001110
000100101100000
110010110010101
011001011011011
000010111111010
101101000110011
010011010100110
100010010110100
011011010101111
010101110001110
000011001100000
100001110101010
111101011001001
011010011011101
001001001001000
010011011001111
011001010110010
101011110111110
001011000000000
111101111011110
101100111001111
111111011011011
110100100111100
000111000010111
000000111010100
000111101010101
110111010001000
100100010110111
111110101000001
111110110111110
101111001110100
010011111100100
001000110001000
010111000010010
011011110110111
100011111011110
000001100111111
101011111011000
000010101101100
000010001111011
011110010010110
010111100111001
001011000110011
111010111001001
001111111001010
001101001101010
111010101011111
010011110110001
001111111001010
111111011011011
101001111000101
101011001010110
110000110111011
000100101100000
000100010001000
000001011010111
111110111101011
110011010010110
000001101101010
001011100011000
101001110100011
011101111010010
101011110111110
000000001010101
101011010010101
101100111110011
101110110001000
101100100110000
000010011011110
111110111010111
101110001011100
110110111010001
110000000110101
010001011010010
011111001000001
101010000011000
000010000100001
001101011000000
100100010000100
001000111101110
110010101011001
100000101001110
101100110101001
110000100010001
100110000001111
100011011110101
011011111101101
000010110011100
000011111100001
100011110111000
000100010001000
000011010101100
111000000110011
010101011000011
000010001000111
111110011001111
001101011111100
010101001101001
011101000110101
110110010011100
101110010011111
011010000010001
100110101111110
101010011011011
100101110000111
000011010100011
000011101110111
101000100010010
111101111010001
000101100010010
000100011010010
001100101010101
000011100100010
011101010011111
111011110110100
100100110011100
101011001100101
011011011111010
001111111000101
110101101110010
001010100111111
110110011000110
000010010000100
111110010101001
110010111001111
010010101010101
000110000000011
111011100101101
101010011010100
000010010000100
010100000011011
010001010001000
111100101101111
001100010111101
001010000100111
011010010110100
011110000001111
100011111100010
001100111001100
110010110011010
110010000101000
101100011100100
100011110111000
110001000011101
110111110100011
111001100110000
110101111100100
010001010111011
001100111111111
100011001011111
000010110011100
110101111011000
001011110001110
101101100101011
111010100001010
010000110001011
100101101110111
111001100001100
001100011010100
010010000011000
111010111000110
001100000011000
001000011110110
001100011010100
000011111100001
010110101000100
010010101100110
101110101001011
000001010110001
110101001010110
010001000101101
101000100100001
001001011011110
111101010100000
100010100111010
100100000100001
011011000111001
010000010010011
101000111100010
000011010100011
010100000101000
111010111110101
100101010100011
000001111001111
001010011100100
011110000110011
101101000000000
001101111010111
000100100001001
010101100100100
010110000110101
100011000000101
100010100000110
100001111111111
111010111111010
001010010001101
001001111000110
011111101010110
111110101110010
111100101101111
011000000001100
111001111110011
100100000011101
101010001000010
111010000101110
111100010111011
010100000101000
100111000100111
110100110011001
101110001100000
000001101100101
