010100100000011
110101111011000
011001011010100
000100001000100
011000001101010
010001010111011
011111011100100
001010111110011
111100111111001
110001011011110
110101101110010
100110111010100
101101110001110
111101101000111
101010110010110
100001011010100
000101011001001
101111011100010
110100101100110
010010001000010
111101010101111
110000011001010
011011000110110
010101100011000
110001001111011
010101000001111
011111111001111
000001100001100
000101000110110
100111101100101
111101010100000
111100010000111
111001001111101
101010111111111
110110001011111
101000010011100
010010100001111
110010101011001
000000101000010
000000001010101
010100110011010
100000110110001
010000001101100
000000000001111
100111010001101
001101000001100
010111100110110
001110110000100
100001101011010
010011111011000
011100011010001
000011010101100
100100101100011
100101011111001
111011110000111
010100100110000
000010111111010
011000000001100
001000010010000
100010001111000
001111011011101
011111101010110
101100110011010
110011010100101
100000000000011
011001001001101
110011100011000
110011111101000
111001010001101
110001101101100
011110101000010
001011010101010
000011111011101
110101011111100
110111000100010
010010101011010
110100001000010
111000010100101
010000101001000
101011101111101
110101000111111
011000100100111
010000101001000
110010100110000
101101111011011
111100101100000
100100011100010
110111100001001
010000000000101
010011011110011
111101100101110
101010101100110
000111010110010
001011100100100
010001110100011
000100011101110
111110001010110
001000010101100
110110101000111
001100011101000
110100000011000
010010011011011
110000110111011
000011000111010
001100100111100
001001010110111
101101100011000
101100101010110
010111001110100
000110010101001
110110100100001
010111011100010
111101011001001
000101011001001
010010001111110
101110111100001
101110000110101
011101100010001
100011001011111
100010010000111
001101010100110
011010101101111
111011111100001
000011101001011
011010101011100
010100011011000
110100001000010
110000101000100
111101001101100
110111101101111
111000010011001
001100111000011
010101000111100
110110011000110
110011111101000
110000100010001
010111000100001
001111001110111
110001100000101
011110111101000
010111110100000
101010011011011
011110011000011
011111110011010
110111111110110
101110001011100
111100111001010
111110001101010
110101010101001
100000011000000
110001110101111
001001101011111
001111000100010
111101011111010
110000101000100
100001100110011
101110101111000
000100100110101
111011011111001
111101100100001
110110101000111
001010111001111
100000000110000
110010110011010
000010010111000
101011010010101
000101001101100
001110011110101
011001011101000
011100110100000
001101100101000
101000001011111
110000111100001
000000011110000
100011101000111
011100111110101
101111111110101
011100001000111
011001001000010
010101000000000
001110000001010
111010011010001
010100001110010
101100100001100
001011100101011
111001110011010
000010100110110
100110011000011
101010100110011
111011100011110
110100111000011
010100000011011
010101011111111
011111011100100
101010111000011
100110000000000
000001110011010
111101101001000
110101001011001
110110011001001
101101011001100
001010000101000
010101110110010
110101001010110
010111011010001
100100111110101
110000001100000
010000100101110
110101010010101
010111001001000
100100111000110
011111010111110
110011100101011
011011100010010
111010000101110
111000000110011
010101111100111
011010101010011
100000101000001
011100101011111
110111111110110
001011100010111
011101101110111
010000110110111
111010111001001
100100111000110
111011011110110
000001100000011
010000000000101
011101110110100
011011000111001
010001111111001
010001001110111
110101000000011
101100010001101
011101000000110
011111111110011
111101110111000
110110000000101
111101000000101
110101011001111
010011001100101
001110101001000
100001010111101
111000000001111
010011010101001
011100110101111
100000010010101
010000010101111
111100110011111
011101010011111
110001011010001
010010100001111
000111001001101
011111011011000
001000000001001
110111100001001
000010001111011
000111101011010
110101010010101
001010010001101
011001101100110
000001110100110
011001111111111
110100011011011
111110010100110
001000011110110
000100111111001
101011010100110
110101101001110
010111010110111
110110110110111
000111000011000
110000011111001
110101001101010
101101110110010
010001110100011
100001000010111
111010001111011
100000000111111
000011011001010
100100000010010
111100101011100
101011011001111
001110001010000
111110001011001
001010110010101
010100000100111
011000011001111
000010110010011
111000100011000
010101011111111
000101100011101
111001110100110
010010011011011
111101000001010
011101100010001
111001111000000
010110101000100
101000110001011
010011110001101
101111111001001
010100001110010
110110100101110
100010011011101
001101101001110
100010001110111
011111010111110
101000100100001
100101000111010
001111111110110
011111001001110
100010001001011
001001110100000
011101001101111
011110000001111
111000010101010
011100110010011
010101001011010
010010110100101
010011101110010
100000010010101
001111101101111
111011101111000
010010100110011
010010010110010
010000110000100
010000000001010
001100100000000
101101111101000
010000101110100
101111000011101
110100100001111
001011001010101
010001001111000
110011000000000
111000111100111
001101110000010
010101111010100
011111010110001
010101011110000
111110110110001
000001010110001
101111001110100
111111000011000
000110000111111
010000110110111
001000111100001
100010011011101
000010100001010
111000110001110
001100100000000
010101001010101
011011010100000
111100111001010
110100010110010
000101111101101
011010100001001
110110100011101
000111010000001
100001000011000
001011100101011
110110000111001
010000010010011
000010010000100
001111100110101
110100011100111
001111101011100
100111010001101
011000010010101
010100101101010
111100100000110
011101001101111
011101000000110
101000011111010
100111111111100
011110010101010
110110011000110
100000101111101
000000001101001
011010110100011
010100000011011
101001010001000
101001101100000
111111111001100
011011110110111
101110100010001
111011101110111
000001111000000
000111010001110
010010000100100
110100001111110
010000100011101
100010010111011
101011001011001
110011010100101
110100001000010
111011000001001
100101101000100
001010110101001
010000111010001
101011111011000
000000001010101
001100101010101
111011111011101
100100110100000
000010100111001
010011001100101
111000010100101
001001000010010
111110111011000
001100110100101
000000000000000
010111100111001
100001101100110
001111101101111
111101011000110
001011000111100
001011111101000
110001110101111
101011001011001
101001010111011
011010110010000
010100011011000
110101000110000
011010111111001
011111100110000
010001110100011
011111001000001
010111010110111
100100010001011
011111101011001
000011101110111
111000010010110
011100000100001
000000011110000
010010011100111
111100110010000
100110110110010
100011100101110
101101011111111
110100100001111
001101110110001
111000100100100
101001100110101
001110101000111
100000001101010
101000100101110
101011110111110
111000001010101
100111000011011
101010100001111
011011011000110
011110001011010
001110111101101
101010100000000
101011110110001
011101001101111
100001010001110
000111001111110
111111000100100
011101110000111
101000110001011
101101010101010
100011101110100
010100000010100
000010101100011
011001011101000
110010111110011
001011011000011
110000000111010
011000010010101
011001010111101
000000101110001
001100111111111
110101001100101
110000000001001
001111000100010
111100101010011
101100100001100
001000110001000
000000001100110
100100010110111
001011110110010
110001110011100
111011100011110
100010010110100
110110111101101
100111111110011
111111101100110
011010101100000
101111010111000
011100101011111
110001001110100
000110101110010
111000010100101
011011001101100
010001101101111
001100100001111
000001001001110
000100011010010
101101101000010
000101011111010
011000100101000
001100001001101
011011101111011
001010101011001
001001010000100
101101011001100
000111001001101
011001011010100
111000101001101
111001001110010
100000000110000
011011100011101
011110011111111
011010101010011
001101110110001
101000001011111
001001100000101
011111010000010
001111010000111
110001100110110
100010110010000
011001010111101
011110010101010
111100000010001
100011000110110
101011110111110
011001010001110
100100110011100
001000010101100
100010011011101
110110000110110
001000010101100
011010011100001
010100000011011
101000110111000
010110110111011
010101001011010
111011111010010
000111000010111
101111011100010
011001001111110
000000000111100
001011011000011
011111010000010
011100110010011
100100110011100
010101000000000
010000111011110
001010110010101
111101010100000
001101000111111
100011100010010
111111111110000
101001101010011
001001111001001
000110110111110
010100110101001
100100111110101
000110101111101
100011110001011
001110110111000
001110101111011
011111001001110
001100110101010
111001001111101
010010010001110
110001011101101
001100000101011
011010000101101
100001000101011
101111000101110
110001101101100
011010001111000
100101101001011
110011000111100
100111110011010
001011100100100
110001101101100
001111010111011
011010011100001
010100011010111
100001011010100
000000001010101
110001011100010
000010011010001
100110010010110
110011000000000
000110000110000
001001001111011
100100111001001
101000101000111
110001010000100
000111101100110
010101000001111
010111101101100
101010111001100
010110001010011
001000011110110
011110101111110
011010010111011
100011011000110
100101101000100
001010011010111
000010101010000
010110111010010
011011111010001
100100101010000
110010011100100
011110011000011
011110101110001
001011100101011
111101010010011
101110001100000
000001110100110
100001100110011
101101010100101
000100000010001
100000001100101
111101001101100
100110010101010
010100000011011
000011111011101
100010111001010
001011101000010
100101111100001
011100010001011
000111001110001
010001011010010
111001001111101
011101010011111
010010010110010
010100001001110
001011111101000
101001001001011
101100010000010
010011100101000
110100011011011
001001011100010
010000101001000
000010000101110
010100111001111
000100100000110
101101110110010
010100111001111
100101110111011
110110000000101
010101110000001
111000001011010
001010100001100
110100111000011
101110101000100
111011000110101
101001010001000
100100000011101
101110001011100
011100100000101
011111100111111
110011101000010
000101111101101
100011101001000
111111110101010
000010000011101
000010101100011
000111010110010
011001010110010
110101110110001
011000111011000
001001100001010
011001110100101
110100000101011
111001010001101
101010101100110
111111101100110
110001110100000
011000100101000
000010110011100
110101000001100
001000101110111
000100010111011
010100001111101
001111001000100
011010100000110
001110011000110
101001110011111
110111110011111
001110111010001
101000100010010
010001000100010
000001111110011
111110101111101
110101110000010
001110101001000
010111001001000
101111000011101
111001111111100
010101001100110
010010110100101
001011101001101
011000011001111
011000101001110
110111001000100
110011000110011
100101001100000
001001001000111
111011111101110
010100010000010
101011000000011
101000110000100
101011100010100
101101001100110
100000010011010
101110000000110
001011000000000
100101010100011
111010001000111
100011011110101
101000000001010
011011100101110
000011011001010
010000010010011
110010010110001
010101010011001
111111001111110
001110110000100
101101000110011
101110110000111
100101110000111
000000110000001
010111000011101
000001011100100
100010110100011
001110000111001
000111001001101
010011101000001
001100101101001
000010101011111
110010010000010
011010010111011
110011101110001
010001010111011
010110000111010
110111010111011
010100001111101
000101000111001
001111111110110
011100100110110
001010110100110
010111000010010
001010111111100
111000100011000
000001111110011
000011001010011
110101011001111
100011101001000
101101100011000
000110111010111
000011000111010
010100011011000
010001011101110
110011100101011
001111101011100
110100000010111
000110110000010
010100100001100
100110010100101
111110001010110
000100111001010
101110111101110
011100110101111
101000010100000
001000111100001
100000011000000
110111011101110
111011110000111
000110001010110
000011110000111
111101010011100
011001100000000
010001011101110
011111100111111
110100101011010
001110111100010
101111001110100
100101101110111
111000100100100
011001010111101
001101110000010
100011011000110
110010010111110
001110101111011
111110001101010
000011010010000
100000111010111
001010010001101
101111001111011
011011111101101
110111110101100
001011100101011
101011000001100
001111000100010
101110001100000
001001000010010
001000111100001
110100010111101
000010100001010
101111101011111
001011100010111
111110101111101
111010100111001
111110011001111
101000010011100
010111010111000
000111011100111
011100101100011
010011000000011
001101011000000
100110101110001
110000011000101
101111011100010
100000111100100
100010011011101
111110110000010
010110001010011
101000010100000
111011000110101
011100101011111
011011100010010
010000001101100
010100010000010
110110100010010
110010101010110
011000000000011
111010101011111
011000101111101
001110000111001
001111010111011
111011010100011
100110001100110
110011101110001
001001000010010
101011011000000
111100010110100
101010110011001
101011100011011
010000001011111
000001101101010
010100110101001
011100111111010
010001100111010
001111001111000
111111001000010
000110110110001
010000001101100
111011101110111
111101101110100
111000010100101
111110001100101
100100000011101
100011101110100
011100001001000
011110111100111
010000001101100
011011010010011
111101111010001
011101101110111
011010010000111
101011011000000
110111000011110
101101110000001
001011100010111
101101110110010
011011010101111
111000011001100
011000000001100
110001111111010
111001101011001
011010100001001
011111110101001
110111011010010
011111000010100
100100100001010
010110000110101
011100110010011
010011010011010
001000100101101
100011101111011
001000110000111
011100010001011
011000010010101
111110110000010
101110011000101
110111001110111
010110100010001
001001110010011
100110101111110
011001101100110
100001011101000
010111001111011
000100101011100
110001011101101
111111101010101
111011110110100
010110100100010
010110011110110
000101001101100
010111110011100
100011100101110
000001111000000
100111011011000
010100111000000
001011101000010
110110001011111
110100101100110
111111000101011
110100001001101
001110101110100
001010011100100
011011101001000
000001000010100
010100111001111
101111010001011
101010011100111
011110000001111
000000101001101
000001111110011
000001110101001
000010011010001
011100001111011
011111100000011
110111100110101
011110010010110
110100010111101
000000100101011
000100011011101
011100110010011
000011000000110
000010111000110
111000111101000
011011000111001
011111100110000
101010011101000
001010001111101
110000101111000
110011101001101
001010011101011
110000111011101
101100100110000
101111111001001
010101000110011
101110101110111
101100110010101
110001011100010
101110001101111
111111111000011
110000001100000
100111010000010
100100001001000
011101001010011
110010100111111
101111001111011
010101111011011
111100011011101
001101101000001
110001101011111
111100000010001
011000101111101
001110100010010
001011011001100
000100010110100
010000100010010
110001100001010
110101100010100
000100111110110
000010001000111
101110111100001
000000101001101
001001111001001
011011000111001
110000110000111
011000111011000
101011110001101
001100100000000
001000110110100
000101000111001
100000111101011
011001110010110
101110010101100
001001110100000
010111110010011
000111001000010
110011000001111
100110000000000
111101000000101
000110111010111
111111111000011
001111101101111
010010110101010
010101011111111
001100111001100
000110111011000
000001011011000
001110100010010
111011101110111
100110111100111
100101001010011
010101010101010
001000011111001
010100100001100
101001001111000
100101110000111
010000001010000
111001111001111
111111001111110
101010100111100
110010011100100
011011011110101
010101101111110
010010101101001
100101010100011
101000001101100
110010010000010
111010110011100
111000111100111
000101010010011
111001100000011
110110100100001
111110001100101
001111001111000
111110110000010
010111000010010
111001110011010
110101110001101
011111001110010
111010110011100
001011101110001
010101011001100
101010010111101
010000000001010
000010100111001
110010001110010
101011100101000
101111111000110
101101000001111
110111010000111
110011000000000
011101100101101
100000001011001
011000000110000
001010010110001
100110000110011
101010110010110
101101000000000
001000110000111
110111100000110
010010101011010
001111010110100
001111011010010
100111101100101
011011000110110
111000100010111
011000010100110
101110110111011
